10001111101010000000000000000000
00000000101001100011100000100000
10001111101010000000000000000000
00000001000001100011100000100000
10001111101010000000000000000000
00000000110001110100000000100000
00000001000001100011100000100000
10001100000010000000000000000000
10001101000010100000000000000000
00000001000011000100100000100000
00010101001110110000000000000000
10001101000010100000000000000000
00010101001010100000000000000000
00010001001010100000000000000001
00000001000010100100100000100000
00001000000000000000000000010001
00000001000010100100100000100000
00100001001010010000000000001010
00000001000010100101100000100000
00010001001010100000000000000001
00100001001010010000000000001100
00000001000010100101100000100000
00000001000010100110000000100000
00010001001010100000000000000000
00100001001010010000000000011100
00100001001010010000000000011010
00000001000010100110000000100000
00010001001010100000000000000000
00100001001010010000000000001010
00000001000010100101100000100000
00010101001010100000000000000001
00000001000010100101100000100000
00000001001001100011100000100000
00000000110001110100000000100000
00000001001001100011000000100000
00000000110010010100000000100000
00100001001001100000000000011100
00100001001010000000000000011010
00000000110010000110000000100000
00100001001010010000000000011100
00100001001010010000000000011010
00000001001010100110000000100000
00100000000010010111111111111111
00100000000001100111111111111111
00000001001001100000000000011000
00000000000000000001100000010000
00000000000000000010000000010010
00001100000000000000000000110010
00000001001010100110000000100000
00000001001010100110000000100000
00000001001010100110000000100000
00000001001010100110000000100000
00000011111000000000000000001000
00000000000000000000000000000000
00000000000000000000000000000000
00000000000000000000000000000000
00000000000000000000000000000000
00000000000000000000000000000000
00000000000000000000000000000000
00000000000000000000000000000000
00000000000000000000000000000000
00000000000000000000000000000000
00000000000000000000000000000000
00000000000000000000000000000000