00100011101111011111111110111000
10101111101111110000000001000100
10101111101111100000000001000000
00100011101111100000000000000000
00100000000000100000000001001110
10101111110000100000000000011100
00100000000000100000000000101101
10101111110000100000000000100000
00100000000000100000000000001011
10101111110000100000000000100100
00100000000000100000000000001001
10101111110000100000000000101000
00100000000000100000000000000010
10101111110000100000000000101100
00100000000000100000000000000100
10101111110000100000000000110000
00100000000000100000000000000101
10101111110000100000000000110100
00100000000000100000000000000111
10101111110000100000000000111000
00100000000000100000000000001000
10101111110000100000000000011000
00100011110000100000000000011100
10001111110001010000000000011000
00100000010001000000000000000000
00001100000000000000000000100000
00100000000000100000000000000000
00100011110111010000000000000000
10001111101111110000000001000100
10001111101111100000000001000000
00100011101111010000000001001000
00000011111000000000000000001000
00100011101111011111111111100000
10101111101111100000000000011100
00100011101111100000000000000000
10101111110001000000000000100000
10101111110001010000000000100100
10101111110000000000000000001000
00001000000000000000000001011011
10101111110000000000000000001100
00001000000000000000000001010001
10001111110000100000000000001100
00000000000000100001000010000000
10001111110000110000000000100000
00000000011000100001000000100000
10001100010000110000000000000000
10001111110000100000000000001100
00100000010000100000000000000001
00000000000000100001000010000000
10001111110001000000000000100000
00000000100000100001000000100000
10001100010000100000000000000000
00000000010000110001000000101010
00010000010000000000000000011000
10001111110000100000000000001100
00000000000000100001000010000000
10001111110000110000000000100000
00000000011000100001000000100000
10001100010000100000000000000000
10101111110000100000000000010000
10001111110000100000000000001100
00100000010000100000000000000001
00000000000000100001000010000000
10001111110000110000000000100000
00000000011000100001100000100000
10001111110000100000000000001100
00000000000000100001000010000000
10001111110001000000000000100000
00000000100000100001000000100000
10001100011000110000000000000000
10101100010000110000000000000000
10001111110000100000000000001100
00100000010000100000000000000001
00000000000000100001000010000000
10001111110000110000000000100000
00000000011000100001000000100000
10001111110000110000000000010000
10101100010000110000000000000000
10001111110000100000000000001100
00100000010000100000000000000001
10101111110000100000000000001100
10001111110000110000000000100100
10001111110000100000000000001000
00000000011000100001000000100010
00100000010000101111111111111111
10001111110000110000000000001100
00000000011000100001000000101010
00010100010000001111111111010001
10001111110000100000000000001000
00100000010000100000000000000001
10101111110000100000000000001000
10001111110000100000000000100100
00100000010000101111111111111111
10001111110000110000000000001000
00000000011000100001000000101010
00010100010000001111111111000111
00100011110111010000000000000000
10001111101111100000000000011100
00100011101111010000000000100000
00000011111000000000000000001000
00000000000000000000000000000000
00000000000000000000000000000000
00000000000000000000000000000000
00000000000000000000000000000000
00000000000000000000000000000000
00000000000000000000000000000000
00000000000000000000000000000000
00000000000000000000000000000000
00000000000000000000000000000000
00000000000000000000000000000000
00000000000000000000000000000000
00000000000000000000000000000000
00000000000000000000000000000000
00000000000000000000000000000000
00000000000000000000000000000000
00000000000000000000000000000000
00000000000000000000000000000000
00000000000000000000000000000000
00000000000000000000000000000000
00000000000000000000000000000000
00000000000000000000000000000000
00000000000000000000000000000000
00000000000000000000000000000000
00000000000000000000000000000000
00000000000000000000000000000000
00000000000000000000000000000000
00000000000000000000000000000000
00000000000000000000000000000000